# oST version 5.0 parameters


[image]

width
1936

height
1458

[narrow_stereo/left]

camera matrix
1265.822248 0.000000 959.416171
0.000000 1264.666522 750.010985
0.000000 0.000000 1.000000

distortion
-0.054144 0.040603 -0.001311 -0.002380 0.000000

rectification
1.000000 0.000000 0.000000
0.000000 1.000000 0.000000
0.000000 0.000000 1.000000

projection
1248.552734 0.000000 952.895800 0.000000
0.000000 1249.197632 746.634107 0.000000
0.000000 0.000000 1.000000 0.000000

